0 208.827499999995
0 199.522499999995
0 217.097499999994
0 190.262499999994
0 193.642499999994
0 200.167499999993
0 199.167499999994
0 187.262499999995
0 193.359999999995
0 200.184999999994
1 187.987499999994
1 185.874999999994
1 203.612499999994
1 189.742499999994
1 203.159999999994
1 188.802499999994
1 221.449999999995
1 204.904999999994
1 215.019999999994
1 196.989999999996
2 178.177499999995
2 210.464999999994
2 200.192499999995
2 214.454999999996
2 196.639999999994
2 183.559999999994
2 189.177499999994
2 190.789999999995
2 201.304999999994
2 199.379999999995
3 217.847499999994
3 209.869999999995
3 192.519999999994
3 199.019999999993
3 201.214999999995
3 197.082499999994
3 197.892499999995
3 218.889999999994
3 208.987499999994
3 192.989999999995
4 191.924999999995
4 213.182499999996
4 204.594999999995
4 205.469999999994
4 221.877499999995
4 210.119999999994
4 197.364999999994
4 204.232499999994
4 196.242499999994
4 195.679999999994
5 234.624999999998
5 189.734999999994
5 204.359999999994
5 209.139999999995
5 208.177499999995
5 191.102499999994
5 209.132499999995
5 192.894999999995
5 195.327499999994
5 180.817499999995
6 205.302499999995
6 209.589999999994
6 190.737499999994
6 220.157499999995
6 196.732499999994
6 209.084999999996
6 191.459999999995
6 213.502499999995
6 198.749999999994
6 197.152499999995
7 195.402499999995
7 209.332499999994
7 225.787499999995
7 215.182499999994
7 202.482499999994
7 206.509999999994
7 213.489999999994
7 225.399999999995
7 206.024999999994
7 188.014999999994
8 202.864999999995
8 207.329999999995
8 232.544999999994
8 223.057499999994
8 193.212499999995
8 183.709999999995
8 206.854999999995
8 191.662499999994
8 227.767499999995
8 212.727499999995
9 223.097499999996
9 206.774999999994
9 212.537499999995
9 206.557499999994
9 219.279999999997
9 193.892499999994
9 231.914999999995
9 225.114999999995
9 183.619999999994
9 212.727499999995
10 195.614999999995
10 214.524999999995
10 196.172499999994
10 195.307499999994
10 210.417499999995
10 213.844999999995
10 210.514999999996
10 208.107499999995
10 179.189999999994
10 209.554999999995
11 226.214999999995
11 210.834999999994
11 205.889999999995
11 203.847499999995
11 205.534999999996
11 225.757499999995
11 211.424999999994
11 219.007499999995
11 199.764999999996
11 225.597499999995
12 213.664999999994
12 206.177499999996
12 222.182499999995
12 223.754999999995
12 203.012499999994
12 204.162499999994
12 216.957499999994
12 222.522499999995
12 216.647499999996
12 227.624999999996
13 226.502499999997
13 190.847499999994
13 232.907499999998
13 217.069999999995
13 225.699999999994
13 237.279999999996
13 220.337499999995
13 197.159999999995
13 204.877499999995
13 203.382499999996
14 219.652499999997
14 220.842499999995
14 206.057499999995
14 204.704999999995
14 207.359999999994
14 247.112499999998
14 208.127499999994
14 217.314999999995
14 198.614999999995
14 221.224999999996
15 209.274999999995
15 203.439999999995
15 217.179999999995
15 205.744999999995
15 212.207499999995
15 219.742499999996
15 197.767499999994
15 187.782499999994
15 222.252499999995
15 221.289999999995
16 223.689999999996
16 207.657499999996
16 212.132499999994
16 231.737499999996
16 210.619999999995
16 224.137499999996
16 194.182499999994
16 222.487499999995
16 213.854999999996
16 190.879999999994
17 232.739999999995
17 217.069999999996
17 211.014999999994
17 207.304999999996
17 216.692499999996
17 212.422499999995
17 223.002499999995
17 216.419999999994
17 237.512499999996
17 216.359999999995
18 202.627499999995
18 206.207499999994
18 236.954999999997
18 238.53
18 197.172499999995
18 204.092499999995
18 198.232499999995
18 246.504999999997
18 213.972499999994
18 244.712499999999
19 214.922499999995
19 223.182499999996
19 219.432499999997
19 194.524999999995
19 210.152499999995
19 206.049999999995
19 225.369999999995
19 218.552499999995
19 194.497499999994
19 207.012499999995
20 208.362499999995
20 219.097499999995
20 213.842499999996
20 228.412499999995
20 216.192499999996
20 225.762499999995
20 219.172499999996
20 204.197499999994
20 208.537499999995
20 208.962499999993
21 204.382499999995
21 197.894999999994
21 206.244999999995
21 209.129999999995
21 233.727499999997
21 219.497499999995
21 212.749999999995
21 233.502499999996
21 220.062499999995
21 215.137499999995
22 203.079999999994
22 204.327499999996
22 227.464999999996
22 220.594999999996
22 197.307499999995
22 218.682499999994
22 214.509999999995
22 207.432499999995
22 229.699999999995
22 213.969999999995
23 229.219999999995
23 204.009999999995
23 200.052499999994
23 206.492499999994
23 234.537499999996
23 223.857499999995
23 205.204999999995
23 234.832499999996
23 199.474999999995
23 227.377499999995
24 221.519999999995
24 232.297499999996
24 220.794999999995
24 216.499999999996
24 241.142499999998
24 210.202499999995
24 220.157499999995
24 201.374999999995
24 227.934999999996
24 243.779999999995
25 237.602499999996
25 229.769999999995
25 218.392499999996
25 229.904999999996
25 215.844999999995
25 204.009999999994
25 228.117499999995
25 220.052499999997
25 212.387499999995
25 223.752499999996
26 225.987499999995
26 211.214999999995
26 236.137499999997
26 208.359999999995
26 230.364999999998
26 209.114999999995
26 227.194999999998
26 206.569999999996
26 219.069999999995
26 205.984999999995
27 236.202499999997
27 220.917499999995
27 227.219999999996
27 218.539999999995
27 206.962499999993
27 235.352499999999
27 241.222499999998
27 222.179999999996
27 203.789999999994
27 224.384999999995
28 212.314999999995
28 217.284999999995
28 232.384999999996
28 227.052499999995
28 219.344999999996
28 225.607499999997
28 215.844999999996
28 241.119999999998
28 237.099999999997
28 231.249999999996
29 234.002499999998
29 218.454999999996
29 235.919999999996
29 254.459999999997
29 227.067499999996
29 230.244999999997
29 226.372499999995
29 206.302499999995
29 239.987499999998
29 225.762499999997
30 238.624999999998
30 211.494999999995
30 231.639999999995
30 222.499999999995
30 245.187499999997
30 212.152499999996
30 231.994999999998
30 244.924999999997
30 208.867499999995
30 204.234999999995
31 216.694999999995
31 217.587499999995
31 227.939999999996
31 233.544999999997
31 254.882499999998
31 228.409999999997
31 220.969999999997
31 234.562499999997
31 217.502499999994
31 253.557499999998
32 225.794999999996
32 218.877499999996
32 223.017499999996
32 228.947499999997
32 223.972499999996
32 205.597499999995
32 223.772499999998
32 263.634999999999
32 226.809999999996
32 239.697499999998
33 216.747499999996
33 251.797499999999
33 221.884999999995
33 229.564999999997
33 214.744999999996
33 240.237499999997
33 244.469999999999
33 238.244999999997
33 223.667499999997
33 248.522499999998
34 245.629999999998
34 206.189999999996
34 205.044999999995
34 230.744999999997
34 226.844999999996
34 227.294999999995
34 222.437499999995
34 235.824999999997
34 243.992499999996
34 256.442499999997
35 248.327499999997
35 240.554999999998
35 239.749999999996
35 227.969999999997
35 248.8675
35 245.064999999998
35 235.839999999996
35 254.907499999999
35 227.954999999996
35 239.969999999997
36 249.487499999999
36 264.447499999999
36 241.514999999997
36 238.457499999998
36 278.867500000003
36 225.934999999997
36 222.519999999996
36 260.342499999999
36 245.699999999998
36 230.594999999999
37 237.779999999996
37 223.522499999995
37 224.894999999996
37 258.22
37 236.202499999996
37 269.342500000001
37 275.220000000002
37 224.577499999996
37 223.027499999996
37 230.602499999996
38 227.079999999996
38 236.592499999997
38 235.274999999997
38 201.574999999996
38 221.712499999996
38 224.937499999995
38 258.460000000001
38 209.974999999996
38 246.044999999999
38 251.864999999998
39 249.18
39 232.017499999997
39 242.179999999998
39 257.154999999998
39 253.027499999998
39 276.057500000001
39 238.274999999998
39 225.102499999996
39 232.802499999999
39 234.549999999996
40 238.407499999997
40 241.164999999999
40 260.529999999999
40 235.857499999997
40 234.584999999996
40 244.354999999999
40 266.680000000001
40 241.737499999998
40 237.409999999999
40 260.830000000002
41 247.76
41 214.032499999996
41 231.477499999997
41 260.767499999999
41 240.104999999998
41 227.369999999997
41 235.277499999998
41 243.014999999997
41 241.792499999997
41 230.544999999997
42 252.744999999998
42 216.387499999995
42 241.409999999997
42 253.572500000001
42 230.739999999996
42 236.282499999997
42 235.377499999997
42 244.272499999997
42 269.562500000004
42 243.207499999998
43 237.352499999997
43 247.584999999998
43 243.689999999996
43 230.922499999998
43 228.137499999995
43 265.08
43 246.397499999997
43 240.972499999997
43 252.689999999998
43 252.009999999999
44 223.482499999996
44 249.062499999998
44 254.047499999999
44 253.999999999999
44 281.680000000003
44 237.609999999999
44 216.287499999996
44 267.252500000002
44 222.317499999997
44 219.159999999996
45 271.27
45 237.254999999997
45 233.222499999996
45 243.762499999999
45 258.697499999999
45 255.254999999998
45 251.7575
45 226.574999999997
45 232.209999999998
45 249.204999999999
46 251.622499999998
46 227.304999999996
46 269.105000000001
46 238.459999999997
46 246.712499999999
46 253.384999999998
46 252.797499999998
46 270.985000000002
46 247.792499999997
46 254.649999999999
47 251.419999999998
47 220.632499999996
47 236.987499999999
47 222.752499999998
47 230.449999999996
47 262.005
47 229.957499999996
47 227.739999999995
47 231.479999999997
47 226.972499999996
48 232.534999999996
48 265.29
48 254.527500000001
48 268.925
48 269.467500000003
48 257.037499999999
48 274.787500000002
48 230.002499999997
48 264.897500000001
48 242.732499999999
49 246.187499999998
49 271.232500000001
49 250.519999999999
49 292.575000000008
49 273.180000000003
49 267.397500000001
49 232.747499999996
49 248.137500000001
49 266.599999999999
49 227.867499999996
50 246.239999999998
50 218.449999999997
50 247.534999999998
50 230.387499999997
50 278.0975
50 233.874999999997
50 266.497500000001
50 244.469999999998
50 229.727499999998
50 292.562500000003
51 258.527500000002
51 298.692500000008
51 241.809999999999
51 237.729999999998
51 214.597499999995
51 256.229999999999
51 279.202500000002
51 282.270000000004
51 281.332500000002
51 253.467499999998
52 290.272500000002
52 250.897499999999
52 282.732500000003
52 260.630000000001
52 279.117500000005
52 255.655
52 232.807499999997
52 230.009999999997
52 240.079999999997
52 278.012500000002
53 259.937499999999
53 252.1775
53 274.975000000003
53 258.872500000001
53 278.850000000001
53 276.330000000002
53 260.5825
53 240.932499999998
53 237.282499999997
53 251.919999999998
54 235.454999999997
54 254.739999999999
54 257.877499999999
54 301.535000000005
54 259.485000000001
54 246.192499999997
54 268.652500000001
54 266.6725
54 246.944999999997
54 252.109999999998
55 266.8725
55 257.165000000001
55 278.712500000003
55 277.397500000002
55 277.317500000004
55 295.212500000004
55 260.6225
55 286.942500000005
55 288.812500000003
55 243.092499999998
56 276.690000000004
56 288.127500000004
56 226.877499999998
56 253.0525
56 297.285000000006
56 269.435000000003
56 249.4025
56 250.345000000001
56 245.359999999999
56 250.610000000002
57 270.72
57 265.389999999999
57 255.215
57 245.289999999997
57 295.925000000009
57 286.377500000004
57 253.127499999999
57 275.432500000002
57 274.512500000002
57 230.862499999996
58 253.787499999998
58 250.937499999999
58 285.637500000003
58 286.042500000004
58 233.174999999999
58 274.862500000003
58 247.924999999999
58 267.402500000002
58 247.382499999997
58 280.792500000003
59 299.250000000006
59 258.444999999998
59 250.64
59 278.237500000001
59 273.137500000002
59 251.177499999999
59 274.212500000002
59 275.4975
59 252.752499999999
59 245.842499999999
60 279.010000000004
60 315.137500000011
60 272.985000000004
60 245.664999999999
60 261.307500000001
60 261.947500000001
60 314.145000000008
60 287.255000000005
60 235.862499999996
